qbhcd 32 32 54 12 52 56 8 
yhidd 65 19 51 91 1 5 89 
mowfr 38 65 30 7 20 10 51 
befsa 26 5 57 70 65 0 75 
dyggx 64 75 88 89 100 7 40 
llnmp 46 95 43 89 32 5 15 
opkmc 38 69 37 24 27 90 77 
uewhs 37 86 33 76 21 77 100 
cljji 81 38 94 57 76 54 65 
tbxix 24 47 7 21 78 53 17 
jptns 93 89 94 30 97 16 65 
mafad 78 98 42 67 32 46 49 
bcnuv 75 62 17 13 11 40 40 
qxwpq 82 31 0 1 56 67 30 
zvfrk 18 81 19 44 2 63 81 
pqpxr 70 97 73 64 97 39 21 
xacbh 54 76 92 84 47 57 46 
endto 61 21 84 51 86 41 19 
fcgpx 97 73 44 67 60 90 58 
dlcgd 73 76 76 77 73 16 83 
ohord 7 36 77 10 95 28 10 
gspqo 9 48 39 40 97 69 84 
uwnny 8 61 83 12 27 100 34 
gwpbt 39 87 53 5 40 42 66 
deugu 39 5 88 49 97 100 32 
ubeto 80 16 53 14 94 29 77 
hwdvm 71 35 4 61 6 25 13 
lmndq 66 25 64 92 5 47 44 
lejuu 59 41 87 41 36 57 29 
bumen 59 47 76 55 13 2 48 
mydia 25 48 83 20 77 13 9 
qfmzh 18 72 64 10 4 64 74 
vsuyo 84 32 36 77 10 39 75 
eimuo 37 31 65 58 59 7 14 
cfskp 8 94 12 86 9 97 42 
zzrzu 83 10 40 36 34 62 66 
fykgr 3 8 62 48 19 15 98 
oobpp 72 21 43 66 65 79 71 
apjna 5 14 59 65 11 53 49 
wdtxj 92 26 41 66 1 20 50 
auxns 37 76 86 25 19 0 14 
ixqmb 93 3 73 87 80 68 100 
djsuy 27 19 33 35 78 38 73 
siqyo 59 19 22 40 59 78 32 
evypz 39 2 97 99 9 66 60 
ocfuf 63 10 8 8 35 81 6 
igsie 39 64 41 52 34 10 11 
flilr 74 64 92 25 89 29 19 
qrsvb 8 33 67 74 95 32 99 
nbppk 83 63 35 62 71 39 16 
otbbq 3 55 41 76 49 68 83 
jujjd 13 61 60 75 33 77 71 
vdgai 77 59 53 11 33 88 34 
bwewp 9 62 46 76 43 9 2 
jxepb 4 68 84 10 39 26 52 
zubdu 59 94 21 33 35 67 57 
qpqwu 78 54 94 14 48 25 83 
ddwyv 25 81 46 77 51 39 62 
gyjgf 15 100 77 9 68 28 47 
nesls 98 75 13 57 7 8 55 
fxlzb 5 3 15 3 53 58 36 
anltc 6 23 69 54 29 61 49 
sozoy 71 4 8 25 71 85 97 
csfmo 35 83 7 24 27 17 82 
wrghw 44 3 62 46 32 45 55 
hkgcc 14 90 63 68 68 75 75 
eymqp 65 75 85 71 57 38 39 
yfdzr 12 68 41 28 31 0 14 
ygafo 17 53 26 41 0 19 92 
muwfj 46 41 84 54 8 97 93 
dorxx 0 28 72 57 71 50 81 
neogv 26 87 1 87 95 69 70 
dirbf 15 87 71 45 87 85 5 
gynkr 94 91 38 63 98 33 99 
ucftp 35 79 20 10 98 80 61 
xnupy 82 97 72 61 39 48 11 
nublm 49 26 59 0 58 1 81 
lefsz 46 97 56 79 27 81 63 
etvhq 48 47 81 53 62 7 55 
uygpn 81 24 83 26 91 18 2 
jvoax 72 10 83 14 10 18 96 
bmsks 16 32 70 15 11 47 5 
xgxnn 73 86 96 88 77 43 95 
wnnvb 61 24 20 92 66 98 85 
ouuzh 67 69 30 3 23 13 97 
jbqxx 0 44 57 86 54 85 82 
raidd 66 23 22 61 43 86 0 
cqhkl 44 75 40 76 99 56 17 
mbaqw 25 32 0 100 0 73 40 
ebnvf 81 93 13 1 90 92 46 
jafqz 8 58 97 75 99 13 61 
ncqgj 34 96 78 96 24 36 34 
xfgvi 72 18 50 70 36 24 67 
ljopg 43 11 35 89 39 24 0 
sdviv 46 34 80 41 48 52 92 
mwrqi 31 22 49 13 51 67 59 
bbryk 85 48 21 70 58 56 45 
mrobd 43 70 89 45 77 44 84 
uaiih 66 46 77 76 6 24 59 
rqopu 68 37 0 58 28 79 27 
dipfz 60 66 32 92 65 19 74 
ylqvj 41 97 96 46 43 88 42 
yauuz 88 28 56 1 44 3 25 
hclff 9 0 96 7 84 34 12 
dipuf 95 78 16 86 53 16 71 
hrnxc 30 100 23 65 23 50 65 
qanxd 60 85 57 57 92 93 96 
nlmwp 61 75 96 4 68 3 25 
sfque 31 59 56 48 86 28 81 
igskm 29 64 89 31 41 93 20 
rftwa 52 98 64 20 78 93 78 
ztygn 95 2 48 6 39 15 43 
gcomi 23 52 54 56 34 93 57 
sznov 79 15 42 63 15 65 65 
julkf 95 91 6 39 21 38 92 
amesp 38 90 43 95 76 81 28 
drtdg 0 48 53 68 94 0 40 
ybnvq 17 85 23 7 30 56 64 
lvcnv 20 22 7 83 59 91 26 
gwraa 79 32 52 70 11 44 83 
fbfjk 27 65 25 38 4 19 24 
hzjch 89 99 25 60 77 18 24 
ppnlg 53 6 55 47 78 56 38 
uysge 48 99 48 56 97 20 89 
msbao 99 2 48 14 44 5 42 
kqzxu 19 48 25 73 77 100 30 
slqzk 98 1 12 82 82 91 8 
dnsjo 28 2 66 5 65 76 61 
ttqog 52 52 22 50 96 1 10 
qllsz 80 14 98 38 37 58 40 
nmoqk 47 63 7 2 15 29 34 
smouw 24 59 69 94 48 8 11 
fohes 32 38 90 58 9 92 48 
toayu 51 60 69 65 83 51 74 
tqtwk 17 44 17 73 18 49 65 
imqws 11 21 85 32 77 10 68 
saqbd 53 98 24 96 6 57 86 
ettwd 17 26 34 70 46 41 32 
pdjxy 26 23 65 62 26 89 80 
tbzpc 27 92 47 61 61 75 45 
emgfk 53 46 36 82 28 58 87 
gboft 72 63 85 24 33 91 48 
aywpn 36 99 53 3 10 67 82 
ibedn 41 98 95 89 82 43 27 
wlohs 69 25 98 17 53 16 93 
vsylj 12 40 54 91 90 65 64 
wyqdn 1 12 63 73 91 39 44 
lqsek 23 0 38 4 45 96 61 
lfepx 45 44 89 74 69 74 83 
vdgcx 85 18 100 81 92 7 30 
aylzi 96 12 8 98 94 89 55 
ssfxt 83 95 3 0 39 78 9 
ysrsq 83 67 1 56 67 53 7 
qcgdq 71 80 63 70 89 75 3 
azvmw 51 47 30 80 21 67 100 
vloyv 87 33 27 52 15 53 43 
ndlya 47 26 24 82 99 28 21 
nlnva 84 61 66 83 28 58 14 
oiawc 61 76 92 25 48 14 79 
gxyaz 98 98 87 39 14 81 1 
meybn 92 96 16 15 3 15 54 
gxach 93 0 100 99 70 42 69 
mlfot 2 6 51 76 40 99 78 
iammq 75 99 59 98 10 80 2 
oaifz 10 2 16 49 23 88 68 
rrnmi 84 11 64 43 71 42 72 
vengb 76 11 86 56 80 19 4 
gwdry 75 72 69 35 23 2 35 
icain 6 53 61 46 49 69 29 
bpesz 34 51 14 21 38 85 98 
tzqsj 0 48 53 80 12 34 29 
jawwm 25 60 94 4 41 40 30 
upluc 96 59 40 18 58 53 64 
grrgt 17 100 63 37 56 93 39 
eltkc 5 81 100 63 58 61 24 
omqaw 83 67 34 49 50 38 27 
lfbhw 15 75 6 33 40 57 59 
mbpbe 86 100 81 38 29 17 48 
tuuvk 87 21 32 57 77 68 16 
vtjme 79 16 95 83 40 70 10 
dpaxc 74 43 8 24 92 2 23 
plyze 56 16 58 65 4 15 14 
pwtqr 10 8 63 45 100 92 42 
wgfnp 18 87 36 41 75 36 7 
sotqi 12 76 71 43 50 69 80 
eqvlq 0 13 15 68 30 79 60 
brpmi 98 29 1 82 26 97 3 
nosvd 76 26 15 53 35 87 96 
dqhxr 21 28 10 18 90 32 23 
woqjp 88 3 91 26 9 37 81 
jtnmk 82 65 100 48 42 68 10 
auqgt 19 37 70 47 28 70 100 
ugjtf 94 89 33 57 84 36 21 
vlaza 20 56 4 82 9 52 99 
newdo 3 7 66 42 64 74 24 
dadgk 59 2 9 26 55 55 1 
jaxrn 24 89 82 80 22 90 30 
rqqwn 36 24 51 30 47 98 8 
vslqp 72 0 97 48 73 86 34 
unljg 37 73 55 0 34 55 94 
yfqut 7 75 65 74 92 64 95 
etyye 42 11 65 16 59 7 45 
kzivd 20 56 83 66 32 49 59 
azxjn 53 73 9 49 29 87 17 
yyddq 90 65 85 36 30 13 83 
hwxsh 14 7 73 70 97 85 51 
bffam 79 83 91 8 65 10 98 
yirmi 62 4 54 63 36 36 30 
dlicj 53 36 88 77 29 53 97 
uqmsz 30 46 52 71 94 41 42 
sqoiw 98 81 97 73 83 83 44 
uugfr 85 41 54 52 60 2 84 
uqnir 42 69 96 54 30 46 0 
saodq 46 76 42 97 7 87 43 
bxtnp 99 59 43 12 61 70 19 
pyyeq 26 23 60 52 53 92 93 
cowsw 88 70 33 82 66 8 35 
xqqsg 81 28 63 85 8 52 86 
awjug 3 12 58 71 13 85 11 
tdjiz 19 83 84 87 27 92 81 
ozryi 27 9 62 68 21 81 61 
imkyr 70 72 73 91 16 20 77 
uiqio 18 34 3 70 9 27 30 
ryeki 73 32 48 31 83 8 3 
kcyea 62 52 63 65 78 16 27 
ajxki 24 62 63 27 20 67 51 
twcqq 73 93 66 18 0 75 47 
advfu 59 21 66 75 17 64 0 
wkvuu 97 85 70 61 49 60 8 
fkyhs 15 19 48 41 61 41 10 
gaapa 5 95 53 98 58 21 8 
lweqf 4 56 8 89 97 81 74 
relei 29 95 46 57 37 40 2 
vomqu 43 14 79 14 59 25 35 
ynwxz 24 58 20 91 45 38 17 
njwdx 3 33 44 71 55 50 96 
nqwqd 65 13 50 12 57 33 55 
oqakq 46 55 76 45 17 6 81 
qfdim 41 52 25 37 92 3 92 
orown 40 56 21 98 98 59 100 
hhfrv 82 36 50 54 27 6 14 
sslyk 8 62 5 25 69 40 65 
pdmyl 10 71 70 56 12 59 52 
tprru 41 94 55 66 100 25 48 
owrhw 60 63 62 22 14 34 49 
hlcro 77 65 42 37 32 55 24 
ecplp 36 19 21 89 39 87 76 
mdmfh 4 36 54 75 20 67 24 
khiqb 54 92 69 69 36 39 83 
kxiks 56 70 28 5 74 15 35 
wabhs 88 8 0 85 41 68 14 
cqeqa 54 11 66 79 81 94 41 
bgxdc 50 9 46 33 30 30 71 
epkzh 4 83 40 29 98 2 57 
dwjcc 82 71 29 10 6 3 79 
cyspq 21 26 94 26 63 62 72 
ptlpv 13 86 94 93 75 90 18 
gvswo 17 78 55 63 69 10 38 
ffnxn 93 19 32 3 30 61 46 
aizni 96 86 9 89 100 42 21 
wyhzg 19 17 10 88 14 58 19 
qipuu 79 22 15 58 94 83 45 
znryj 63 30 51 49 39 97 3 
myuig 3 31 100 80 48 76 52 
uqinn 82 61 45 15 82 89 49 
kddna 96 28 81 75 7 93 68 
atqqe 76 74 97 6 73 12 30 
jferm 29 85 64 14 50 22 37 
bjjpd 77 21 100 66 55 21 35 
nykpo 10 32 53 16 74 54 70 
edqav 55 87 67 71 71 19 60 
rwwxy 46 80 58 6 78 60 39 
qkduv 11 39 0 16 72 50 71 
fvtvf 56 55 19 63 80 64 23 
dervv 41 2 40 100 60 9 31 
ctcbx 47 90 44 83 26 73 55 
bpfhz 70 0 64 13 82 61 66 
bgqfm 15 85 93 30 82 11 82 
ppxqi 65 100 42 93 39 53 31 
efujl 22 54 90 52 60 43 6 
ddiyo 10 19 70 11 45 14 4 
oulcv 66 100 27 86 61 15 53 
lyiqd 85 41 37 78 40 75 53 
tzdno 36 98 15 15 10 50 34 
jystm 43 82 60 79 90 95 74 
ewqmo 18 71 24 12 60 17 85 
qorlu 16 11 34 32 38 28 75 
cogho 62 100 6 64 43 24 72 
estck 79 24 49 26 90 26 84 
fufbu 11 45 89 88 46 14 53 
mwaee 83 9 15 10 38 55 31 
zcphk 73 92 73 43 75 9 51 
tdwlu 86 59 39 31 17 43 19 
fzoih 22 74 39 68 20 14 35 
wcjzs 16 19 66 36 91 5 68 
wtjyp 83 26 79 1 27 21 24 
ybogs 78 17 41 49 92 9 62 
ompuf 99 44 95 28 84 34 41 
ghufc 41 59 36 2 89 85 85 
igmrq 35 9 67 29 2 43 81 
baami 9 37 36 35 23 37 22 
jjoom 8 84 48 77 8 95 70 
dgztq 46 86 74 100 27 35 70 
wuahe 42 25 25 3 49 24 19 
jqpop 28 71 92 98 74 63 70 
lfynz 45 21 43 83 93 47 44 
azuim 59 91 11 32 57 11 13 
yxblh 33 85 40 48 61 92 55 
tkqtm 11 98 72 83 32 43 70 
vahmv 25 69 7 73 39 56 27 
kywhm 24 74 38 2 38 93 73 
qdpmz 54 34 11 87 48 67 42 
zfgta 71 4 45 78 71 98 10 
vahnv 41 36 92 97 47 56 51 
txnge 29 95 76 30 44 54 70 
muszl 45 69 56 83 84 19 59 
wkxlr 72 4 0 27 33 53 31 
omeql 26 94 38 85 75 62 80 
bcsqm 20 27 3 41 43 57 75 
zyeup 27 5 88 41 78 11 98 
hpvgc 64 0 99 60 1 67 40 
byubx 32 4 51 59 79 25 18 
xpmjr 49 77 78 87 79 99 99 
zbfyp 96 7 55 56 84 84 93 
apzso 34 59 72 64 98 85 37 
xecvj 80 63 13 11 92 48 44 
gvzjc 48 1 20 2 10 61 1 
cbpns 23 11 62 50 93 26 22 
ijpyn 49 59 34 71 23 44 75 
yrdja 21 41 32 7 13 6 56 
pjomf 44 74 80 100 42 96 46 
hsvbw 91 2 48 1 29 88 90 
irbos 95 13 9 78 31 61 19 
drzqz 26 86 100 47 32 94 23 
ojyjo 58 80 41 18 68 65 25 
dackd 27 24 83 28 56 22 37 
jqznc 97 17 95 24 54 85 14 
tjhrt 20 87 27 65 87 32 6 
qhjjf 77 12 26 51 82 88 23 
nrxih 69 82 2 100 3 99 64 
xdctt 90 28 52 79 83 26 23 
rwqty 2 33 29 74 16 97 65 
bqxor 31 81 4 16 37 26 20 
mdzjl 64 94 62 69 9 72 54 
ywbmv 80 15 4 24 83 88 39 
vivth 35 82 64 55 19 0 58 
bqaqu 58 72 81 95 55 32 14 
hnsxr 6 30 76 40 40 37 77 
iqsvz 7 54 88 68 73 5 71 
szfqj 49 72 66 97 57 58 58 
mykcb 37 12 1 56 18 31 60 
tznlu 19 29 87 63 47 10 28 
stouz 17 16 68 38 15 3 64 
rqsdm 62 0 92 12 14 50 2 
otjyy 65 91 20 46 50 79 51 
qdyvd 89 35 95 3 67 68 69 
uqast 77 43 82 22 98 44 47 
sdifn 11 92 84 72 77 21 14 
hdfoy 42 2 84 10 63 24 58 
dcctc 15 40 24 15 6 65 32 
qsjrk 70 70 97 93 78 30 48 
ooioy 22 20 32 55 93 25 52 
zhvqz 6 88 89 62 35 44 60 
sitjp 52 10 10 17 8 73 44 
fesfs 68 69 59 66 11 48 70 
cgmtm 68 72 41 48 95 71 73 
spdjx 56 74 51 15 16 2 67 
lqpku 6 51 66 7 75 44 44 
tpcaf 22 96 89 35 79 17 91 
ammeg 9 14 90 81 5 4 28 
rnkbl 3 29 5 86 81 63 61 
secci 67 27 69 90 34 50 29 
wqzli 89 85 47 10 45 32 7 
manjz 41 61 44 100 9 14 68 
ajsch 87 27 85 17 45 75 53 
rohmx 99 84 85 60 62 51 68 
dihdv 92 36 96 32 39 94 74 
mlclx 100 28 30 25 94 6 62 
pwxbe 29 86 55 40 63 90 94 
gzwwg 14 93 23 0 17 99 98 
vxyga 34 35 78 90 13 95 41 
ikkml 51 42 97 9 63 15 40 
ioytn 61 40 7 53 68 81 38 
hgvgv 43 65 37 55 93 87 30 
tfiqn 75 59 0 83 88 44 74 
zznfd 94 71 51 75 53 75 69 
xdnzy 59 13 7 19 5 93 43 
xfbob 54 68 18 3 14 51 88 
itnsd 45 17 2 50 90 18 14 
ysbmr 81 77 49 98 87 44 2 
oyxke 4 63 66 26 34 14 33 
gihqz 19 43 67 51 30 66 20 
qcpiu 79 43 33 91 96 9 49 
jimli 28 58 51 92 59 46 44 
nhevk 9 15 28 17 50 69 45 
grcav 53 34 73 92 48 98 29 
gjhmj 92 79 25 12 55 87 64 
snopy 93 59 13 70 2 99 76 
iexqr 12 42 89 0 89 23 13 
hjhgi 92 89 53 60 12 67 44 
iysdh 55 15 15 53 30 28 99 
hpyfi 77 88 4 44 93 29 66 
xniov 17 54 100 8 77 73 2 
szazs 46 48 93 83 35 67 7 
luxir 7 88 64 91 38 74 87 
bhidd 25 32 67 80 50 16 64 
wtiwr 89 17 9 8 95 31 21 
adtkc 24 11 78 84 97 42 19 
pujhj 68 30 17 99 52 27 30 
rhvcn 36 70 73 20 21 31 43 
apyjr 28 14 93 69 67 26 24 
lirnj 35 95 14 46 0 29 51 
okjcl 21 100 98 29 86 59 0 
zuacb 86 39 40 7 47 5 82 
eklln 92 11 2 57 0 25 9 
yyczq 32 17 22 72 43 37 78 
kjqjt 90 84 38 89 46 99 21 
wrxyg 14 3 98 4 77 14 46 
tyitt 72 24 70 48 8 72 4 
eggin 7 74 72 16 63 99 26 
byxdr 4 25 19 2 60 32 10 
lzbal 17 50 95 38 59 13 5 
jzyvx 42 41 58 9 31 71 54 
ramyj 37 14 88 59 60 0 56 
sgurx 30 87 6 84 29 55 99 
pssxg 94 67 27 56 5 98 12 
evhxx 66 90 80 83 6 61 23 
tovor 51 51 80 46 74 26 38 
zgdat 29 1 38 6 33 4 44 
zdond 50 71 1 63 67 87 5 
zxkwz 77 33 10 35 65 100 65 
hnvgg 73 42 99 100 32 12 31 
pwdau 86 83 34 55 33 63 32 
jstjw 7 7 53 74 76 85 73 
vrbul 50 11 73 33 9 84 50 
vglow 12 14 6 8 89 49 1 
zwalx 39 7 46 32 45 59 57 
ioter 80 10 73 11 94 89 9 
nljko 31 49 18 87 69 53 18 
whqdr 55 28 33 92 58 95 3 
qaduj 31 23 37 66 5 50 23 
jqzia 61 6 7 88 2 13 92 
fyddq 86 18 1 56 60 83 87 
hctcl 40 12 12 38 19 35 72 
nkvwi 59 25 34 66 16 49 31 
lnzxo 47 10 16 53 100 5 29 
sorrb 43 82 49 16 27 82 93 
lqglu 75 49 89 7 13 79 33 
kaatp 20 75 60 3 83 70 5 
dqnlc 2 0 30 41 27 14 63 
gfxwk 96 75 70 50 90 49 71 
gebbm 66 50 64 83 4 72 27 
sdnnk 4 42 100 34 60 41 43 
drbhu 27 42 46 16 38 24 89 
hcyds 57 46 84 96 36 29 27 
ffjcg 0 83 18 83 95 90 53 
awmuc 56 59 38 97 44 57 7 
bqyfh 87 91 10 24 84 51 21 
gxzxg 96 86 82 26 51 52 96 
miigj 90 77 89 58 0 86 28 
wsnez 56 98 75 89 2 7 49 
qmrki 15 86 48 59 18 17 81 
qyehs 20 27 13 62 32 90 53 
yrwbm 1 58 53 60 55 43 1 
eyvkr 33 76 53 60 10 52 87 
eakwv 89 79 97 41 73 4 96 
mnrbu 91 67 53 85 82 48 98 
ylixr 68 26 63 12 25 89 55 
ngxnr 22 83 11 84 30 77 67 
cmell 33 35 72 89 86 11 54 
ueqvk 72 53 76 71 71 62 42 
ppoaj 62 42 28 71 27 66 27 
djjfe 10 35 5 14 52 37 43 
zqioj 81 68 19 24 87 95 31 
llmxz 92 11 90 93 10 70 45 
djaeb 54 43 11 10 62 37 37 
xpyje 83 30 4 86 55 89 49 
imtgu 74 49 97 79 66 97 0 
fwsrw 15 65 41 87 87 6 9 
tqwin 69 36 3 35 40 7 11 
wltmv 36 93 40 42 37 68 75 
illkb 89 81 19 91 61 6 13 
aetzw 91 76 62 80 16 19 34 
ljkgh 7 69 33 5 17 3 56 
gvqrj 48 75 40 56 58 71 71 
ietvs 17 27 81 96 67 74 76 
tlojy 79 0 97 28 41 58 39 
pohry 15 48 37 27 46 97 56 
kivxv 76 0 96 85 41 40 9 
bezoa 30 19 2 96 64 80 18 
pbumm 17 94 1 6 96 93 28 
lruga 96 31 86 1 3 66 15 
yhrkd 63 81 59 90 1 97 28 
rmram 54 87 23 12 76 45 79 
xinzl 29 54 12 80 37 8 60 
vtlbm 47 49 75 3 45 33 56 
dnslp 91 56 99 33 86 4 45 
qphek 32 19 61 87 70 16 42 
aeugq 83 42 41 68 87 18 28 
vdxfn 98 88 5 21 11 31 16 
qgvqp 60 37 1 24 20 88 67 
bbtsw 25 65 59 65 24 1 56 
lcwno 58 25 8 74 69 3 25 
baxlz 81 51 96 9 58 32 25 
hzpnz 52 35 74 40 62 82 5 
namby 16 84 1 56 77 53 49 
bwobf 43 58 77 72 8 57 58 
biwup 79 71 39 52 84 65 59 
znwmr 80 71 47 83 82 80 10 
yszig 10 86 71 68 83 36 88 
ofdmx 58 4 55 72 98 42 63 
oiltu 89 2 50 92 56 11 2 
gzrtr 75 88 73 47 47 17 2 
ldakk 66 4 61 44 81 87 71 
zxnec 32 96 42 95 69 41 40 
davha 29 25 11 17 15 54 1 
xdcsu 49 27 40 3 48 33 13 
umios 96 46 39 57 58 62 98 
nodha 29 72 81 53 34 38 24 
leveg 29 31 24 23 86 31 53 
xrzmq 19 68 55 72 9 92 6 
jcvpu 24 82 79 56 78 98 34 
iodsa 22 82 28 65 39 99 66 
coixu 78 2 46 7 55 3 71 
elbcb 46 1 34 41 26 30 21 
cxgpt 13 45 75 11 99 37 53 
cokee 35 19 40 87 69 7 81 
tsfab 11 42 49 89 57 95 5 
gryqu 84 33 80 23 99 29 84 
jibcn 97 67 64 71 48 51 72 
lpstc 82 53 86 21 66 100 25 
ouewz 0 22 65 48 78 51 31 
bkqlm 11 83 57 71 70 4 20 
gmcni 4 30 5 36 1 44 33 
heibq 81 13 49 65 74 60 97 
zevpt 24 8 28 14 13 67 70 
njhmh 19 19 100 52 83 15 61 
pzrwx 70 57 85 78 76 73 55 
ewzgi 16 16 9 80 92 96 10 
etxkm 91 56 93 85 32 87 18 
bumdl 42 66 85 56 48 31 82 
trgut 87 87 81 67 96 76 29 
ovccw 75 22 97 85 92 41 70 
eibcl 51 37 17 64 28 93 68 
ifmtf 91 42 27 88 30 64 16 
zoqxs 19 25 43 92 45 64 78 
llbfd 54 61 75 32 76 88 73 
dalxv 97 1 98 48 80 19 92 
egpms 64 33 85 65 95 77 59 
nctxi 88 19 77 84 51 62 10 
iyvig 94 53 73 3 53 28 25 
fexio 53 73 70 22 73 15 68 
lqiop 73 54 65 68 94 60 77 
cllbb 44 48 14 72 91 27 94 
zfhjq 44 99 32 11 9 76 29 
idubm 20 58 8 99 40 31 97 
ulake 3 14 44 3 43 42 75 
ivrkk 14 93 29 76 53 11 31 
dzpvm 70 100 58 81 76 79 16 
gkhfk 68 23 89 75 63 18 56 
wjcij 97 84 2 31 89 5 6 
iwzfn 43 87 26 1 13 41 3 
mukhj 9 44 70 87 29 89 16 
wzyxy 57 62 50 62 93 55 8 
lxorl 42 5 34 73 63 21 66 
naanu 91 8 51 29 59 74 55 
ifzou 26 52 95 33 19 64 20 
nkayh 41 32 37 73 34 28 99 
klyck 23 75 77 24 46 20 85 
krzxp 75 92 84 10 11 50 75 
lxnwr 72 56 74 75 72 60 36 
vynrr 99 35 19 36 47 91 59 
kdkuf 59 72 77 7 49 34 91 
avhka 57 98 88 58 76 38 4 
rciin 46 2 7 94 11 39 18 
rindi 62 34 47 17 30 8 10 
gaaru 1 15 54 75 4 98 61 
tnhjq 74 96 46 50 23 23 42 
ywfbo 29 44 40 0 41 51 14 
ammww 31 10 53 30 45 30 6 
qiwbb 42 43 65 66 65 32 86 
gkskt 42 8 91 74 42 40 10 
iwjhk 59 77 47 50 96 48 64 
gaaqf 26 20 15 68 12 9 16 
thgpg 13 4 65 30 33 1 93 
hsgap 53 73 42 9 0 78 98 
fefwo 88 44 30 37 17 24 28 
mjkge 27 86 53 4 91 62 9 
fnoro 61 82 94 25 60 21 0 
xbelr 54 45 44 48 71 37 9 
axeft 23 43 54 23 60 5 24 
sdtbx 4 12 26 69 9 43 83 
kolyf 30 87 21 86 14 55 30 
skqca 56 17 44 8 35 56 21 
htevy 57 23 73 10 16 50 34 
kcohc 9 95 21 6 45 14 29 
ychly 96 97 38 30 10 79 74 
ofepu 63 77 98 66 98 62 83 
oordf 50 75 69 82 14 44 81 
dkbzm 64 80 16 66 26 60 51 
pomia 43 3 73 100 73 18 67 
ppdmr 11 17 82 85 2 88 68 
qqvdr 9 15 49 12 30 70 12 
dtwwr 2 71 67 95 39 3 67 
sdwzp 69 34 22 36 85 20 63 
dyphx 48 84 71 87 69 75 65 
cycmy 34 31 33 20 46 100 76 
jmcvc 18 80 78 20 58 16 18 
cbrem 96 89 72 6 86 36 23 
ctnei 21 48 61 55 46 78 39 
rsghm 100 34 19 65 89 43 100 
jvada 73 79 3 5 0 76 85 
shzni 23 83 65 13 32 14 61 
sglrv 89 61 52 87 64 8 4 
jfihq 15 93 42 38 4 85 40 
dpkll 86 33 96 100 79 58 69 
aahfe 95 91 17 14 64 25 68 
nlblb 60 22 82 94 27 54 58 
ewjio 78 12 64 62 100 84 10 
jlchh 19 41 82 70 16 31 58 
dcrwl 59 94 91 11 13 69 42 
womfg 90 29 40 30 23 13 33 
ywzjy 12 37 46 31 8 48 44 
xbrco 69 54 12 16 60 65 96 
akixk 82 45 93 2 60 71 5 
jrhvg 66 12 83 74 47 94 96 
kkkuy 4 94 89 64 61 100 13 
dagic 9 16 7 83 34 77 98 
diilx 74 1 84 20 41 81 94 
yteno 47 89 43 58 60 54 27 
usvno 44 15 1 99 96 7 0 
qrxvp 30 14 60 37 62 35 38 
goiji 67 60 18 2 27 2 38 
tfmkd 13 36 80 89 86 1 3 
forct 31 22 19 54 36 52 69 
mayqn 55 76 42 73 82 11 17 
rwvdy 99 19 81 80 15 65 23 
rywcy 60 35 24 4 88 62 76 
npgln 29 65 47 42 62 63 41 
spbuo 18 96 10 72 4 42 94 
vgtee 80 9 40 84 27 21 70 
jqhib 46 4 40 61 92 46 24 
rfgct 9 42 76 86 26 77 83 
ewvrg 43 92 0 96 40 65 76 
xhohq 28 3 3 36 3 17 48 
ezuef 66 47 23 18 36 79 97 
gviaz 28 15 28 63 98 40 56 
ooucd 9 75 92 34 30 22 86 
sayeg 19 77 16 55 40 23 97 
qjzjt 31 53 93 40 79 19 19 
vuley 66 39 53 1 13 33 39 
xuazc 11 16 84 15 40 81 17 
hzedo 96 63 32 21 6 86 11 
tlcyh 29 46 3 5 68 56 21 
ahvah 18 77 82 52 53 25 97 
uxaip 80 13 33 4 9 74 9 
ztvue 34 98 98 73 68 57 17 
regqh 24 66 100 79 60 34 39 
bfajd 79 19 28 64 98 38 16 
wvpgn 36 88 21 2 86 91 21 
gfofo 21 26 22 0 65 33 90 
farlv 55 55 14 56 34 85 92 
iyjke 35 93 66 58 80 86 41 
mkvuh 62 57 17 47 74 90 63 
uwkjg 27 75 47 65 53 52 54 
gxyuh 38 53 56 15 49 23 24 
oadlc 98 86 81 7 95 65 18 
buwnu 49 73 13 59 24 25 49 
vtbyn 94 34 36 39 41 60 25 
uvuvn 36 97 94 76 27 12 34 
zjswm 4 83 3 49 54 47 8 
xubrj 71 44 59 48 15 71 54 
metki 26 27 69 77 6 69 51 
ihjrl 67 0 85 80 11 37 34 
hsdyf 29 16 14 96 30 7 55 
yfbka 58 50 16 76 70 8 47 
lqnag 69 83 35 16 75 98 79 
hrisp 100 86 66 100 75 65 5 
tjele 97 22 86 72 54 35 58 
ruwdy 56 49 28 70 41 60 80 
plkiy 42 10 19 22 99 94 5 
owtlz 25 90 57 9 49 27 34 
bprhs 21 86 91 33 98 62 53 
bsyza 98 33 98 80 90 29 47 
mvuwm 98 91 71 40 18 77 90 
rajvp 8 58 31 47 96 59 84 
gskkq 76 52 96 26 55 52 26 
zgnhf 5 48 32 68 60 37 60 
swvlx 16 64 15 75 10 19 89 
gebsm 1 71 44 43 100 2 35 
qhmeb 4 99 10 100 56 91 21 
spkah 56 1 84 93 51 28 85 
dzind 98 96 68 13 29 73 55 
aikfo 56 87 32 77 23 45 7 
yjfgm 85 22 47 49 17 74 12 
rjogc 86 48 99 23 13 64 84 
evznt 27 18 51 5 76 88 1 
aaznl 22 54 73 58 67 32 22 
pgyrr 17 25 95 34 7 5 40 
wpsrb 45 6 58 20 21 33 80 
hzhxa 51 55 73 31 42 14 57 
ctpif 22 0 47 78 91 18 9 
vutpw 32 68 88 85 86 20 71 
uweup 24 56 9 30 6 35 43 
ckntm 40 48 60 31 81 82 9 
ttfix 83 34 70 58 43 70 41 
qamxc 17 5 93 19 27 31 78 
lowpv 86 75 37 0 37 67 68 
hxfny 7 85 77 99 67 39 97 
nagnb 20 46 5 100 50 71 24 
vymnw 95 36 68 61 40 11 70 
agcvf 52 8 79 63 98 81 67 
ljkjj 9 40 78 20 68 45 68 
hvsud 47 58 33 9 71 45 37 
bwttx 29 84 100 22 22 15 65 
qzees 19 86 16 0 21 4 87 
xfftq 31 47 87 50 28 3 66 
qclcb 46 9 74 0 84 91 89 
hpceb 8 56 98 3 76 6 1 
uopxc 58 54 71 11 86 16 88 
sxcyf 17 53 79 60 58 48 89 
ezwln 59 3 18 78 24 7 92 
bhaiv 79 47 10 70 74 75 11 
uprpu 3 5 84 74 57 85 19 
yuhdt 10 51 93 38 13 52 50 
mwjmp 34 39 95 28 96 11 79 
vllhs 80 57 55 100 27 14 44 
hjgfz 54 92 2 18 17 30 56 
krnba 27 24 62 43 19 0 83 
xoooh 51 41 20 82 43 61 26 
wtjif 25 36 20 61 53 66 24 
mgbpj 87 72 39 9 8 3 26 
mxuji 73 100 50 58 95 31 60 
yyhbw 11 71 32 33 23 21 75 
pmaqp 83 11 58 94 23 30 47 
jtmuj 94 79 42 27 24 89 12 
wqjhx 65 76 58 23 21 9 90 
zctww 10 77 72 72 39 91 28 
rqwvl 24 72 62 49 83 63 64 
ptlqv 98 26 96 85 6 25 94 
ktzml 22 48 74 58 17 100 17 
dsqay 74 20 67 78 75 3 70 
bnvyq 57 16 50 58 14 4 99 
upxql 37 43 43 75 89 66 94 
apgfz 29 76 100 92 6 22 59 
ptsym 13 86 21 31 24 47 67 
swzkn 42 29 73 95 55 79 22 
udkwf 10 0 56 82 9 77 67 
sqdpj 34 53 80 90 29 14 34 
snfzw 85 54 82 4 42 23 97 
hikor 95 66 54 23 19 40 75 
pbmrd 35 42 60 10 48 93 41 
pffva 45 66 38 35 17 37 0 
bgjzu 61 76 73 20 97 48 8 
xkqow 94 15 69 5 37 38 60 
gtioo 1 84 99 36 3 100 57 
jbwyb 43 25 35 100 60 8 70 
drzzz 42 84 76 11 48 59 99 
pmkej 97 7 42 38 70 58 76 
rohfa 51 47 61 75 86 86 68 
cfxho 1 3 31 9 100 49 87 
peovu 53 41 71 35 17 48 44 
ghiua 56 77 40 25 86 45 7 
dmtlb 20 48 76 8 43 76 67 
jtrle 85 6 35 80 78 10 26 
pnvlu 78 32 24 93 3 52 6 
zspkq 90 64 70 6 67 33 73 
qdphb 84 91 16 36 23 40 74 
feezy 15 31 97 81 80 61 56 
vzgui 24 80 9 30 53 6 12 
lltwh 69 11 53 6 75 78 14 
dofpe 37 93 56 62 84 98 19 
wvzvm 0 83 32 98 11 71 49 
taqbm 80 66 45 55 43 48 76 
hdazf 95 93 31 38 20 1 0 
jzfer 2 100 40 85 1 59 74 
hakeq 67 9 80 73 6 53 29 
eyjyx 61 5 86 11 3 36 72 
qwsww 71 97 50 61 14 17 61 
wqewa 25 15 66 37 76 71 36 
zmkkx 58 52 18 94 30 41 97 
udwgh 96 54 31 88 26 51 86 
vggyt 89 91 77 98 79 56 9 
islcc 34 92 70 37 3 64 20 
aquai 68 37 95 0 55 15 7 
sdtqn 73 16 87 46 9 82 50 
yrpdi 49 32 73 100 50 24 76 
nkcts 51 92 93 23 7 66 74 
knsdm 41 42 66 80 27 78 88 
ikbwz 50 17 9 78 53 26 26 
fbzop 50 0 71 31 27 63 88 
vcocp 97 68 75 72 95 16 64 
hreer 65 80 21 49 64 14 6 
tyjie 6 64 42 10 83 22 8 
fbiya 65 47 27 30 86 82 82 
ljmce 84 71 71 65 14 82 73 
isgzr 37 5 72 94 54 55 10 
vqzun 19 64 70 80 33 34 37 
wleue 56 54 5 33 69 1 94 
tvyil 87 77 79 55 14 94 74 
mobmm 44 83 73 15 91 54 0 
mdjsk 39 39 82 12 71 13 5 
qmqgj 77 52 69 0 95 14 56 
ogidf 48 19 65 89 57 9 98 
hgkdz 58 80 42 14 63 19 50 
zhsls 66 28 70 28 56 90 81 
hljbw 87 56 28 1 67 2 86 
quxax 47 21 82 17 6 54 49 
sucen 75 12 74 15 23 99 47 
feekw 43 63 44 91 90 14 0 
jjhoy 2 1 45 84 87 77 53 
exxhh 92 90 88 12 31 64 65 
copna 23 31 51 24 80 3 99 
vkhiz 87 85 19 41 78 62 19 
gwzjk 2 79 89 96 53 19 44 
haaxf 65 31 78 36 40 9 94 
ausee 40 53 38 24 92 52 72 
righl 79 99 58 96 26 91 92 
cdspx 44 86 20 3 65 54 6 
gxqmq 29 67 23 92 93 79 6 
xqdjq 20 91 59 7 59 51 1 
woyxk 41 46 4 80 57 100 9 
fmgez 10 49 28 88 80 27 56 
okbqf 32 41 46 1 28 85 35 
sbgwu 39 23 4 71 55 47 61 
xvylq 83 41 74 0 22 80 77 
gldhz 73 58 83 70 98 63 22 
nhgmi 40 66 73 36 21 92 44 
vkgpf 64 47 42 85 1 64 65 
bpikr 77 99 53 63 92 58 3 
igvts 33 44 15 31 28 86 52 
hwrxs 24 7 40 11 21 15 63 
zubhp 40 30 2 30 72 36 41 
loikr 8 20 67 7 80 9 73 
vndal 28 44 69 7 92 29 79 
ttvvr 83 35 67 62 58 34 36 
ogzdq 78 79 3 27 57 85 31 
anifl 61 37 17 86 84 11 48 
tswzs 14 30 35 35 99 7 35 
vybin 23 67 94 17 32 52 3 
tyxua 32 92 3 44 72 97 47 
yuvvr 55 21 34 40 26 3 49 
fchls 60 36 26 14 23 70 52 
duzwf 51 78 84 44 25 71 35 
omwva 72 1 32 74 9 31 41 
aybeb 2 34 43 29 55 74 61 
cltrr 14 51 89 73 19 8 56 
nuvjt 86 37 88 18 70 37 74 
ohxuq 56 27 65 73 37 81 14 
ckmof 44 12 73 53 67 69 38 
mgbdi 29 9 12 66 92 79 58 
xetki 35 67 93 66 2 83 48 
yetjb 89 37 81 60 29 16 0 
urpfm 57 14 31 95 2 16 70 
jpjzu 11 18 97 73 4 62 67 
rtkxn 30 20 17 56 99 73 39 
qxvga 53 52 60 1 14 29 53 
dhuua 77 30 78 41 44 63 34 
jhpgp 91 68 70 43 4 52 99 
frqmh 54 43 9 67 59 73 51 
lxdey 58 77 86 6 61 81 54 
kibqw 8 25 42 79 49 32 63 
rgzdr 77 53 69 45 14 11 58 
pxmuc 91 99 32 5 54 58 91 
felnu 30 69 67 5 6 69 5 
hibmc 52 52 74 6 61 84 88 
fgcoy 44 79 30 93 77 37 57 
luzuw 59 51 61 81 92 55 83 
jhyul 6 70 17 54 56 6 22 
wecnn 90 15 68 95 5 12 73 
toqvl 55 60 30 28 83 12 95 
obtkp 84 98 2 1 16 27 96 
fauwz 75 5 77 38 5 88 58 
mrser 66 14 17 48 93 92 51 
cboim 47 38 42 55 0 75 68 
rzmxd 99 70 77 12 24 64 75 
weymg 15 55 79 71 75 21 7 
wwynw 91 9 34 70 19 46 87 
vilst 93 2 29 71 60 33 73 
yuftz 39 86 15 65 1 57 23 
rphji 70 13 35 52 43 97 92 
cisqo 87 45 67 6 62 45 34 
nlolo 38 21 91 70 45 84 20 
jahps 85 91 7 50 78 46 75 
hywyo 53 36 52 84 17 49 83 
htrah 22 11 96 86 99 28 92 
pcdgn 11 40 59 34 48 62 18 
pqkjx 19 100 2 89 38 94 70 
xjyjs 59 3 18 43 35 16 72 
kdyco 59 65 71 22 34 21 70 
vjrtu 66 78 84 2 8 96 71 
jtpxp 72 48 80 27 45 25 98 
wlfjf 55 62 43 41 0 51 65 
qxvcy 10 71 35 42 26 11 8 
hhltg 13 88 39 69 21 97 59 
vlkaa 86 47 22 81 62 56 49 
acouc 62 54 16 53 42 6 89 
fzrha 56 49 91 81 84 39 71 
lajsb 15 65 18 8 15 98 94 
lcupv 83 50 80 43 43 70 57 
dxaxa 87 83 2 39 76 18 19 
gcgor 0 25 6 17 1 1 77 
zyeav 58 15 24 8 29 36 42 
gqyhu 29 5 83 78 42 14 41 
zqcin 48 68 57 65 91 15 91 
fvusc 83 65 6 0 76 26 26 
ggfnb 90 22 13 96 69 5 69 
qwupo 73 70 10 70 17 33 95 
wtthx 94 93 44 92 1 26 97 
siuia 82 89 32 20 46 12 16 
uqlat 25 49 99 89 50 65 28 
onxii 65 98 83 45 74 35 95 
czwdl 39 58 55 87 50 9 86 
ftgxz 81 58 18 3 97 19 95 
gagix 79 67 78 68 60 86 70 
pcmki 66 36 100 91 86 63 65 
rddnr 34 97 76 16 74 47 39 
txcnj 35 89 3 45 79 55 3 
bomry 32 100 41 85 14 43 33 
myzrz 21 36 98 1 19 15 6 
fduuj 31 69 94 88 38 95 30 
fkjjw 81 53 21 20 61 17 100 
tulbq 45 22 93 48 99 57 97 
vksqn 50 80 65 9 17 85 83 
mpqcz 88 84 12 6 13 27 45 
arfxg 26 35 75 18 91 58 13 
wgthc 96 100 17 100 35 1 29 
umjju 1 40 89 16 43 60 63 
ubifc 61 67 93 64 78 8 50 
zvdrx 35 68 98 53 41 93 84 
bscxq 99 88 10 59 91 29 10 
nwgzy 44 32 12 17 66 16 93 
saceu 15 70 33 14 8 24 55 
nyepk 61 42 87 22 77 34 62 
qnsbh 56 63 98 6 19 84 98 
urcwg 21 70 66 99 1 98 33 
qfkli 87 11 69 18 17 73 83 
hmhta 96 77 56 14 73 71 75 
akjze 3 58 69 8 44 86 57 
enlfl 64 63 54 65 8 100 86 
imcop 44 59 41 85 99 66 92 
kahqw 12 33 96 75 24 10 55 
fumgr 40 37 51 48 45 1 29 
lttsh 68 31 27 57 58 70 57 
gllnc 28 32 14 1 73 100 15 
schfo 68 56 2 94 92 7 18 
rcrer 82 5 64 51 57 75 77 
xtbpm 56 34 24 59 100 52 5 
csmux 82 11 57 86 23 39 14 
onfdp 18 64 19 91 21 38 2 
ubepg 44 7 37 18 47 30 50 
byxll 12 61 67 22 4 20 56 
pepde 45 48 48 83 41 84 87 
yungk 86 85 99 93 58 45 90 
jqepn 43 81 65 27 21 11 99 
zoxwy 96 68 51 18 57 86 22 
iuhak 31 91 30 69 79 54 44 
xavpe 53 12 55 11 25 36 78 
zfpiv 80 94 70 16 80 71 10 
smvty 95 55 27 95 30 41 16 
jzuhl 74 4 64 44 99 69 4 
oyjek 10 71 84 37 78 95 43 
kjbsn 77 15 96 63 52 56 74 
cipha 73 6 68 1 12 28 8 
nbzse 53 2 81 69 38 12 15 
quvjx 32 18 3 58 22 5 82 
ovzyr 44 37 79 9 96 39 52 
swrax 10 65 61 4 75 4 16 
vnzgs 57 11 5 34 26 67 91 
kdbfw 7 29 46 15 27 96 27 
cpnch 92 91 6 81 42 70 91 
kdgqt 29 90 76 32 25 87 64 
sqgqo 4 40 47 64 94 88 64 
sxbwz 5 22 52 52 85 51 91 
sttmk 53 41 30 35 50 10 44 
ijaxo 45 13 28 90 49 60 76 
kagee 44 63 11 51 95 90 49 
ontia 90 93 33 5 50 84 82 
rcwmb 69 25 66 84 18 4 82 
zkkcv 15 29 41 11 8 89 24 
dpvcj 41 51 92 3 26 75 15 
uyyal 52 93 13 85 18 94 11 
silfy 7 35 26 88 59 61 85 
rwiao 16 85 66 83 99 10 68 
awwct 40 79 53 28 97 64 91 
vkwsx 78 8 91 55 84 60 59 
iaufj 0 16 25 70 97 93 23 
btmzh 6 56 36 38 38 94 28 
uwfuh 78 96 16 55 20 99 64 
kowpd 13 45 14 16 88 45 83 
hcqzx 11 25 20 79 44 57 96 
uwlvb 77 72 59 57 94 82 34 
nqiss 60 72 73 93 90 70 98 
lrkbr 7 6 93 60 84 1 65 
tonrp 72 17 5 98 99 95 78 
uczoy 87 81 88 48 65 99 53 
mkbjv 12 29 81 52 19 64 84 
mdvwi 83 99 35 14 14 52 35 
aviyl 20 67 67 91 79 31 11 
cstcq 88 93 37 34 47 58 12 
